%YAML:1.0

R: !!opencv-matrix
   rows: 3
   cols: 3
   dt: d
   data: [582, 0, 312, 0, 580, 265, 0, 0, 1]
T: !!opencv-matrix
   rows: 3
   cols: 1
   dt: d
   data: [0.09236246795778885, -0.1902675039787654, 0.009945408691960552, 0.002142502281097812, 0.2884485860282079]

