%YAML 1.2
---
camera_matrix:
  cols: 3
  data: [1263.142770503929, 0, 526.7426009892677, 0, 1264.234079290321, 294.595927548734, 0, 0, 1]
  rows: 3
camera_name: camera1
distortion_coefficients:
  cols: 5
  data: [-0.3788361762762186, 0.1896206941399371, 0.002489975279874374, 0.006260218928128383, -0.06548246435440169]
  rows: 1
distortion_model: plumb_bob
focal_length_meters: 0
image_height: 720
image_width: 1280
projection_matrix:
  cols: 4
  data: [1263.142770503929, 0, 526.7426009892677, 0, 0, 1264.234079290321, 294.595927548734, 0, 0, 0, 1, 0]
  rows: 3
rectification_matrix:
  cols: 3
  data: [1, 0, 0, 0, 1, 0, 0, 0, 1]
  rows: 3
