%YAML:1.2
---
camera_matrix: !!opencv-matrix
  cols: 3
  data: [1798.545395839858, 0, 627.2984517741853, 0, 1828.861427436529, 365.2599358814753, 0, 0, 1]
  rows: 3
  dt: d
  
camera_name: camera1
distortion_coefficients: !!opencv-matrix
  cols: 1
  data: [-0.6276941453165805, 0.3280656516235451, 0.008111716053114618, -0.003448709658740987, 1.456215735807243]
  rows: 5
  dt: d
  
  
distortion_model: plumb_bob
focal_length_meters: 0
image_height: 720
image_width: 1280
projection_matrix:
  cols: 4
  data: [1798.545395839858, 0, 627.2984517741853, 0, 0, 1828.861427436529, 365.2599358814753, 0, 0, 0, 1, 0]
  rows: 3
rectification_matrix:
  cols: 3
  data: [1, 0, 0, 0, 1, 0, 0, 0, 1]
  rows: 3
